50
2 32
2 44
2 23
2 4
2 40
2 35
2 20
2 29
28 32
28 44
28 2
28 24
28 4
28 35
28 20
28 37
31 32
31 44
31 2
31 24
31 4
31 35
31 20
39 32
39 44
39 3
39 2
39 4
39 35
39 20
39 29
39 5
10 32
10 44
10 2
10 4
10 35
10 20
10 5
4 32
4 44
4 3
4 2
4 39
4 40
4 35
4 20
4 29
4 5
29 32
29 44
29 2
29 23
29 4
29 35
29 20
29 5
5 32
5 44
5 38
5 2
5 4
5 35
5 20
17 2
17 39
17 4
17 20
45 32
45 44
45 2
45 4
45 20
45 37
45 5
15 32
15 2
15 24
15 4
15 35
15 20
12 32
12 44
12 14
12 45
12 27
12 2
12 23
12 43
12 4
12 35
12 20
12 29
12 37
12 5
47 35
48 35
9 32
9 44
9 14
9 2
9 43
9 4
9 35
9 20
9 5
25 32
25 44
25 33
25 2
25 23
25 43
25 4
25 35
25 20
49 32
49 44
49 33
49 2
49 4
49 20
22 32
22 44
22 2
22 23
22 4
22 35
22 20
22 29
26 32
26 44
26 22
26 2
26 23
26 4
26 35
26 20
36 32
36 4
36 35
42 44
42 14
50 44
50 14
50 27
50 4
50 20
38 32
38 44
38 2
38 4
38 35
38 20
38 5
7 44
7 14
7 33
7 27
7 2
7 43
7 4
7 35
7 20
7 5
27 32
27 44
27 14
27 2
27 18
27 4
27 35
27 20
21 44
23 32
23 44
23 24
23 4
23 35
23 20
23 29
23 5
30 44
30 7
30 2
30 23
30 4
30 20
30 5
43 2
18 35
24 32
24 44
24 3
24 2
24 23
24 4
24 35
24 20
24 29
24 46
24 5
34 32
34 44
34 2
34 23
34 4
34 35
34 20
34 29
34 5
40 32
40 44
40 2
40 4
40 35
40 20
40 29
35 32
35 44
35 2
35 23
35 4
35 40
35 20
20 32
20 44
20 2
20 4
20 35
20 29
37 32
37 44
37 14
37 12
37 2
37 23
37 18
37 4
37 40
37 35
37 20
37 29
37 16
37 5
8 35
6 32
6 44
6 2
6 23
6 4
6 35
6 20
6 37
6 46
6 5
16 32
16 44
16 2
16 23
16 4
16 35
16 20
16 37
16 46
16 5
41 35
1 32
1 44
1 2
1 4
1 35
1 20
46 32
46 44
46 2
46 4
46 35
46 20
11 32
11 44
11 2
11 23
11 4
11 35
11 20
11 29
11 5
32 44
32 2
32 19
32 4
32 20
13 32
13 44
13 2
13 23
13 43
13 4
13 35
13 20
44 32
44 12
44 25
44 38
44 2
44 23
44 18
44 10
44 4
44 40
44 35
44 20
44 1
44 5
14 32
14 44
14 7
14 2
14 23
14 4
14 35
14 20
14 37
14 46
14 5
3 32
3 44
3 2
3 23
3 4
3 35
3 20
3 29
3 41
3 5
33 32
33 44
33 2
33 23
33 43
33 18
33 4
33 35
33 20
33 16
33 1
33 5
